   1.044000      1.7626374E-04
   1.214935      1.1787638E-03
   1.385869      7.1607144E-03
   1.556804      2.2765564E-02
   1.727739      4.9475029E-02
   1.898673      8.8324659E-02
   2.069608      0.1285624    
   2.240543      0.1715487    
   2.411477      0.2023728    
   2.582412      0.2285865    
   2.753347      0.2492094    
   2.924281      0.2578739    
   3.095216      0.2622584    
   3.266151      0.2562049    
   3.437085      0.2529385    
   3.608020      0.2416300    
   3.778955      0.2322991    
   3.949889      0.2178289    
   4.120824      0.2078480    
   4.291759      0.1950964    
   4.462694      0.1826478    
   4.633628      0.1697861    
   4.804563      0.1604881    
   4.975498      0.1490916    
   5.146432      0.1380476    
   5.317367      0.1305288    
   5.488301      0.1200246    
   5.659236      0.1124397    
   5.830171      0.1050918    
   6.001105      9.6344657E-02
   6.172040      8.9024208E-02
   6.342975      8.2893535E-02
   6.513909      7.6746337E-02
   6.684844      7.1987212E-02
   6.855779      6.5702312E-02
   7.026713      6.1301224E-02
   7.197648      5.7170045E-02
   7.368583      5.3204108E-02
   7.539517      4.8566170E-02
   7.710452      4.4231184E-02
   7.881387      4.2237200E-02
   8.052321      3.8855139E-02
   8.223256      3.6073476E-02
   8.394191      3.2977846E-02
   8.565125      3.0763531E-02
   8.736060      2.7508160E-02
   8.906995      2.6588283E-02
   9.077929      2.4115084E-02
   9.248864      2.2468120E-02
   9.419799      2.0683449E-02
   9.590734      1.8436085E-02
   9.761668      1.7703490E-02
   9.932603      1.6734039E-02
   10.10354      1.5059534E-02
   10.27447      1.3996443E-02
   10.44541      1.3076566E-02
   10.61634      1.2299905E-02
   10.78728      1.1165206E-02
   10.95821      1.0190248E-02
   11.12915      9.7330632E-03
   11.30008      8.9949593E-03
   11.47101      8.2072802E-03
   11.64195      8.1852479E-03
   11.81288      7.1441899E-03
   11.98382      6.2628710E-03
   12.15475      6.0370332E-03
   12.32569      5.8387364E-03
   12.49662      5.2438462E-03
   12.66756      4.8142034E-03
   12.83849      4.3184618E-03
   13.00943      4.0650824E-03
   13.18036      3.8502612E-03
   13.35130      3.4371431E-03
   13.52223      3.3379947E-03
   13.69317      3.0295332E-03
   13.86410      2.9634342E-03
   14.03504      2.7486128E-03
   14.20597      2.3189699E-03
   14.37690      2.2198216E-03
   14.54784      2.1151649E-03
   14.71877      1.9058518E-03
   14.88971      1.8452611E-03
   15.06064      1.6139149E-03
   15.23158      1.4927336E-03
   15.40251      1.4707006E-03
   15.57345      1.2448627E-03
   15.74438      1.1402061E-03
   15.91532      1.0630907E-03
   16.08625      1.0355494E-03
   16.25718      8.7030226E-04
   16.42812      8.7030226E-04
   16.59905      7.8767858E-04
   16.76999      8.1521983E-04
   16.94092      6.7751377E-04
   17.11186      7.1056321E-04
   17.28279      5.1777472E-04
   17.45373      5.7285716E-04
   17.62466      5.2879122E-04
   17.79560      3.7456045E-04
   17.96653      5.3980772E-04
   18.13747      4.5718410E-04
   18.30840      3.6354398E-04
   18.47934      3.3049451E-04
   18.65027      3.0846155E-04
   18.82121      3.4701923E-04
   18.99214      2.8642858E-04
   19.16307      2.8642858E-04
   19.33401      2.4236264E-04
   19.50494      2.2032968E-04
   19.67588      1.5973902E-04
   19.84681      1.8177199E-04
   20.01775      1.5973902E-04
   20.18868      2.1482144E-04
   20.35962      1.6524726E-04
   20.53055      1.6524726E-04
   20.70149      1.3770605E-04
   20.87242      1.5423077E-04
   21.04336      1.2668957E-04
   21.21429      1.0465660E-04
   21.38523      7.7115386E-05
   21.55616      1.0465660E-04
   21.72709      7.1607144E-05
   21.89803      7.7115386E-05
   22.06896      1.1016484E-04
   22.23990      9.3640112E-05
   22.41083      4.4065935E-05
   22.58177      7.1607144E-05
   22.75270      6.0590661E-05
   22.92364      3.3049451E-05
   23.09457      3.8557693E-05
   23.26551      4.4065935E-05
   23.43644      2.7541209E-05
   23.60738      4.4065935E-05
   23.77831      1.6524726E-05
   23.94925      2.2032968E-05
   24.12018      4.9574177E-05
   24.29111      2.2032968E-05
   24.46205      1.1016484E-05
   24.63298      3.3049451E-05
   24.80392      2.2032968E-05
   24.97485      1.6524726E-05
   25.14579      2.7541209E-05
   25.31672      1.1016484E-05
   25.48766      0.0000000E+00
   25.65859      2.2032968E-05
   25.82953      2.2032968E-05
   26.00046      1.1016484E-05
   26.17140      5.5082419E-06
   26.34233      1.6524726E-05
   26.51327      5.5082419E-06
   26.68420      5.5082419E-06
   26.85513      1.1016484E-05
   27.02607      1.1016484E-05
   27.19700      2.7541209E-05
   27.36794      5.5082419E-06
   27.53887      5.5082419E-06
   27.70981      5.5082419E-06
   27.88074      0.0000000E+00
   28.05168      5.5082419E-06
   28.22261      0.0000000E+00
   28.39355      5.5082419E-06
   28.56448      5.5082419E-06
   28.73542      0.0000000E+00
   28.90635      0.0000000E+00
   29.07729      5.5082419E-06
   29.24822      0.0000000E+00
   29.41916      0.0000000E+00
   29.59009      0.0000000E+00
   29.76102      5.5082419E-06
   29.93196      0.0000000E+00
   30.10289      0.0000000E+00
   30.27383      5.5082419E-06
   30.44476      0.0000000E+00
   30.61570      0.0000000E+00
   30.78663      0.0000000E+00
   30.95757      5.5082419E-06
   31.12850      0.0000000E+00
   31.29944      0.0000000E+00
   31.47037      0.0000000E+00
   31.64131      0.0000000E+00
   31.81224      0.0000000E+00
   31.98318      0.0000000E+00
   32.15411      0.0000000E+00
   32.32505      5.5082419E-06
   32.49598      0.0000000E+00
   32.66692      0.0000000E+00
   32.83785      0.0000000E+00
   33.00879      0.0000000E+00
   33.17972      0.0000000E+00
   33.35065      0.0000000E+00
   33.52159      0.0000000E+00
   33.69252      0.0000000E+00
   33.86346      0.0000000E+00
   34.03439      0.0000000E+00
   34.20533      0.0000000E+00
   34.37626      0.0000000E+00
   34.54720      0.0000000E+00
   34.71813      0.0000000E+00
   34.88906      0.0000000E+00
   35.06000      1.1016484E-05
