   2.595000      1.2915260E-04
   2.849045      1.0332208E-03
   3.103091      6.5104649E-03
   3.357136      1.3602117E-02
   3.611181      2.4180889E-02
   3.865226      3.9820094E-02
   4.119271      5.4273445E-02
   4.373317      7.2301969E-02
   4.627362      8.5334644E-02
   4.881407      0.1023065    
   5.135452      0.1161669    
   5.389497      0.1289941    
   5.643543      0.1372246    
   5.897588      0.1429074    
   6.151633      0.1464590    
   6.405678      0.1467643    
   6.659724      0.1467937    
   6.913769      0.1435825    
   7.167814      0.1370133    
   7.421859      0.1348236    
   7.675905      0.1299451    
   7.929950      0.1246440    
   8.183995      0.1202528    
   8.438040      0.1168479    
   8.692085      0.1093688    
   8.946131      0.1071673    
   9.200176      0.1010149    
   9.454221      9.4586663E-02
   9.708266      8.7870732E-02
   9.962312      8.1219375E-02
   10.21636      7.8143194E-02
   10.47040      7.2642468E-02
   10.72445      6.8204314E-02
   10.97849      6.3308254E-02
   11.23254      5.7167634E-02
   11.48658      5.4003399E-02
   11.74063      5.0833289E-02
   11.99467      4.6295337E-02
   12.24872      4.3923624E-02
   12.50276      3.9597012E-02
   12.75681      3.7559923E-02
   13.01085      3.4818366E-02
   13.26490      3.2928042E-02
   13.51894      3.0609166E-02
   13.77299      2.8648395E-02
   14.02703      2.6264941E-02
   14.28108      2.4409842E-02
   14.53513      2.2613445E-02
   14.78917      2.1239731E-02
   15.04322      1.9813182E-02
   15.29726      1.7781964E-02
   15.55131      1.7012920E-02
   15.80535      1.5721394E-02
   16.05940      1.4042410E-02
   16.31344      1.3197048E-02
   16.56749      1.1394781E-02
   16.82153      1.1001453E-02
   17.07558      1.0396784E-02
   17.32962      9.7686332E-03
   17.58367      8.9056585E-03
   17.83771      8.2422839E-03
   18.09176      8.0837784E-03
   18.34580      6.8626995E-03
   18.59985      6.4752414E-03
   18.85390      5.9410194E-03
   19.10794      5.1778452E-03
   19.36198      4.6260110E-03
   19.61603      4.4733766E-03
   19.87008      4.2444239E-03
   20.12412      3.7630370E-03
   20.37817      3.7689076E-03
   20.63221      3.1818503E-03
   20.88626      2.8883216E-03
   21.14030      2.7063340E-03
   21.39435      2.3540996E-03
   21.64839      2.2484292E-03
   21.90244      1.9783829E-03
   22.15648      2.1251473E-03
   22.41053      1.6320192E-03
   22.66457      1.6202780E-03
   22.91862      1.5146077E-03
   23.17266      1.2386908E-03
   23.42671      1.2680436E-03
   23.68075      1.2445614E-03
   23.93480      1.1036677E-03
   24.18884      9.2167989E-04
   24.44289      7.9252728E-04
   24.69693      8.3949190E-04
   24.95098      7.1620988E-04
   25.20502      7.7491556E-04
   25.45907      5.3422211E-04
   25.71312      6.3402182E-04
   25.96716      4.6377524E-04
   26.22121      4.8138696E-04
   26.47525      4.2268122E-04
   26.72930      3.8745778E-04
   26.98334      3.3462263E-04
   27.23739      3.0526979E-04
   27.49143      3.6984606E-04
   27.74548      2.7591691E-04
   27.99952      2.4069348E-04
   28.25357      3.1701091E-04
   28.50761      2.7004635E-04
   28.76166      2.6417576E-04
   29.01570      2.5830520E-04
   29.26975      2.2308176E-04
   29.52379      2.2895233E-04
   29.77784      1.3502318E-04
   30.03189      1.8785833E-04
   30.28593      1.5850546E-04
   30.53997      1.4676432E-04
   30.79402      1.2328202E-04
   31.04807      1.2328202E-04
   31.30211      9.9799734E-05
   31.55616      6.4576299E-05
   31.81020      6.4576299E-05
   32.06425      6.4576299E-05
   32.31829      8.8058587E-05
   32.57234      7.6317447E-05
   32.82638      6.4576299E-05
   33.08043      3.5223435E-05
   33.33447      6.4576299E-05
   33.58852      4.6964582E-05
   33.84256      5.2835152E-05
   34.09661      1.7611717E-05
   34.35065      2.9352863E-05
   34.60470      2.3482291E-05
   34.85875      2.3482291E-05
   35.11279      1.7611717E-05
   35.36683      2.3482291E-05
   35.62088      5.8705727E-06
   35.87492      4.1094008E-05
   36.12897      2.3482291E-05
   36.38301      4.1094008E-05
   36.63706      2.3482291E-05
   36.89111      2.3482291E-05
   37.14515      1.7611717E-05
   37.39920      5.8705727E-06
   37.65324      1.7611717E-05
   37.90729      1.7611717E-05
   38.16133      0.0000000E+00
   38.41538      1.7611717E-05
   38.66942      0.0000000E+00
   38.92347      1.1741145E-05
   39.17751      1.7611717E-05
   39.43156      1.1741145E-05
   39.68560      1.1741145E-05
   39.93965      5.8705727E-06
   40.19370      0.0000000E+00
   40.44774      5.8705727E-06
   40.70178      1.7611717E-05
   40.95583      1.1741145E-05
   41.20987      5.8705727E-06
   41.46392      5.8705727E-06
   41.71796      5.8705727E-06
   41.97201      5.8705727E-06
   42.22606      1.1741145E-05
   42.48010      0.0000000E+00
   42.73415      5.8705727E-06
   42.98819      5.8705727E-06
   43.24224      1.1741145E-05
   43.49628      0.0000000E+00
   43.75033      0.0000000E+00
   44.00437      0.0000000E+00
   44.25842      0.0000000E+00
   44.51246      5.8705727E-06
   44.76651      0.0000000E+00
   45.02055      5.8705727E-06
   45.27460      0.0000000E+00
   45.52864      0.0000000E+00
   45.78269      2.3482291E-05
   46.03674      0.0000000E+00
   46.29078      0.0000000E+00
   46.54482      0.0000000E+00
   46.79887      0.0000000E+00
   47.05291      0.0000000E+00
   47.30696      0.0000000E+00
   47.56100      0.0000000E+00
   47.81505      0.0000000E+00
   48.06910      0.0000000E+00
   48.32314      0.0000000E+00
   48.57719      0.0000000E+00
   48.83123      0.0000000E+00
   49.08528      0.0000000E+00
   49.33932      5.8705727E-06
   49.59337      0.0000000E+00
   49.84741      0.0000000E+00
   50.10146      0.0000000E+00
   50.35550      0.0000000E+00
   50.60955      0.0000000E+00
   50.86359      0.0000000E+00
   51.11764      0.0000000E+00
   51.37169      0.0000000E+00
   51.62573      0.0000000E+00
   51.87977      0.0000000E+00
   52.13382      0.0000000E+00
   52.38786      0.0000000E+00
   52.64191      0.0000000E+00
   52.89595      0.0000000E+00
   53.15000      1.1741145E-05
