  0.2139000      5.4410659E-04
  0.2694619      1.9326115E-02
  0.3250238      0.1017135    
  0.3805857      0.2259764    
  0.4361476      0.3372841    
  0.4917095      0.4162208    
  0.5472714      0.4657621    
  0.6028333      0.4992694    
  0.6583952      0.5076721    
  0.7139571      0.5154617    
  0.7695190      0.5120112    
  0.8250809      0.5114602    
  0.8806428      0.4984498    
  0.9362048      0.4828498    
  0.9917667      0.4712789    
   1.047329      0.4609340    
   1.102890      0.4441218    
   1.158452      0.4268964    
   1.214014      0.4134521    
   1.269576      0.3975008    
   1.325138      0.3838155    
   1.380700      0.3715008    
   1.436262      0.3584491    
   1.491824      0.3416300    
   1.547386      0.3280343    
   1.602948      0.3187914    
   1.658509      0.3083913    
   1.714071      0.2934112    
   1.769633      0.2792162    
   1.825195      0.2672665    
   1.880757      0.2533677    
   1.936319      0.2430435    
   1.991881      0.2313073    
   2.047443      0.2220506    
   2.103005      0.2154731    
   2.158567      0.2077729    
   2.214128      0.2013470    
   2.269691      0.1931923    
   2.325252      0.1861189    
   2.380814      0.1825994    
   2.436376      0.1740452    
   2.491938      0.1648505    
   2.547500      0.1553872    
   2.603062      0.1527424    
   2.658624      0.1445739    
   2.714186      0.1406481    
   2.769748      0.1337882    
   2.825310      0.1287604    
   2.880872      0.1249172    
   2.936433      0.1189665    
   2.991995      0.1139318    
   3.047557      0.1096134    
   3.103119      0.1062867    
   3.158681      0.1033252    
   3.214243      0.1009628    
   3.269805      9.5328845E-02
   3.325367      9.1954008E-02
   3.380929      8.8951088E-02
   3.436491      8.6871088E-02
   3.492052      8.2180753E-02
   3.547614      8.0107637E-02
   3.603176      7.8654394E-02
   3.658738      7.5555049E-02
   3.714300      7.3385514E-02
   3.769862      7.0244849E-02
   3.825424      6.6870011E-02
   3.880986      6.5823123E-02
   3.936548      6.1718214E-02
   3.992110      6.1022583E-02
   4.047671      5.8150526E-02
   4.103233      5.6098074E-02
   4.158795      5.2750789E-02
   4.214357      5.3088270E-02
   4.269919      4.9768534E-02
   4.325481      4.8604555E-02
   4.381043      4.7426809E-02
   4.436605      4.4947334E-02
   4.492167      4.3590512E-02
   4.547729      4.2901769E-02
   4.603291      4.1847993E-02
   4.658853      4.0656470E-02
   4.714414      3.9334085E-02
   4.769976      3.7763752E-02
   4.825538      3.7281632E-02
   4.881100      3.6551565E-02
   4.936662      3.3638183E-02
   4.992224      3.2384671E-02
   5.047786      3.2308910E-02
   5.103348      3.0098047E-02
   5.158909      2.9739900E-02
   5.214471      2.8465727E-02
   5.270033      2.7894070E-02
   5.325595      2.6805857E-02
   5.381157      2.5242412E-02
   5.436719      2.5290623E-02
   5.492281      2.4278173E-02
   5.547843      2.4271285E-02
   5.603405      2.2625191E-02
   5.658967      2.2914462E-02
   5.714529      2.2218833E-02
   5.770091      2.0600287E-02
   5.825653      2.1006646E-02
   5.881214      2.0572739E-02
   5.936776      1.8995518E-02
   5.992338      1.8451411E-02
   6.047900      1.7742006E-02
   6.103462      1.6819092E-02
   6.159024      1.6522933E-02
   6.214586      1.5854852E-02
   6.270148      1.5489819E-02
   6.325709      1.5234984E-02
   6.381271      1.4622003E-02
   6.436833      1.4360281E-02
   6.492395      1.4236307E-02
   6.547957      1.3864386E-02
   6.603519      1.3196306E-02
   6.659081      1.2693524E-02
   6.714643      1.3547565E-02
   6.770205      1.2659087E-02
   6.825767      1.2128755E-02
   6.881329      1.1557098E-02
   6.936891      1.1267827E-02
   6.992452      1.0248488E-02
   7.048014      1.0227825E-02
   7.103576      9.6217329E-03
   7.159138      9.7388187E-03
   7.214700      9.4082225E-03
   7.270262      9.2429239E-03
   7.325824      8.4370952E-03
   7.381386      8.3131222E-03
   7.436948      8.3957706E-03
   7.492509      7.6725911E-03
   7.548071      7.9412004E-03
   7.603633      7.0664980E-03
   7.659195      7.5623924E-03
   7.714757      7.3833195E-03
   7.770319      7.1009351E-03
   7.825881      6.6119279E-03
   7.881443      6.5223915E-03
   7.937005      6.3433181E-03
   7.992567      5.8060992E-03
   8.048128      5.5650393E-03
   8.103690      5.4686153E-03
   8.159252      5.4686153E-03
   8.214814      5.2482178E-03
   8.270376      5.0622574E-03
   8.325938      5.1586814E-03
   8.381500      5.0140452E-03
   8.437062      4.6145748E-03
   8.492624      4.7178860E-03
   8.548185      4.7109984E-03
   8.603747      4.4699386E-03
   8.659309      4.6145748E-03
   8.714871      4.3459651E-03
   8.770433      4.1186800E-03
   8.825995      3.6296728E-03
   8.881557      4.0773554E-03
   8.937119      3.7949712E-03
   8.992681      3.7398718E-03
   9.048243      3.5539111E-03
   9.103805      3.7329842E-03
   9.159367      3.5745734E-03
   9.214929      3.4299376E-03
   9.270491      3.3197387E-03
   9.326053      3.2646393E-03
   9.381615      3.0511292E-03
   9.437176      3.1475532E-03
   9.492738      2.9202681E-03
   9.548300      2.7825197E-03
   9.603862      2.8238441E-03
   9.659424      2.6103340E-03
   9.714986      2.6309963E-03
   9.770548      2.3210621E-03
   9.826110      2.4588106E-03
   9.881671      2.4381485E-03
   9.937233      2.4037112E-03
   9.992795      2.4243735E-03
   10.04836      2.1075520E-03
   10.10392      2.1695388E-03
   10.15948      1.9009293E-03
   10.21504      1.9835783E-03
   10.27061      1.8940418E-03
   10.32617      1.7356310E-03
   10.38173      2.0455653E-03
   10.43729      1.8802669E-03
   10.49285      1.7080813E-03
   10.54841      1.7562933E-03
   10.60398      1.7356310E-03
   10.65954      1.6116574E-03
   10.71510      1.6392071E-03
   10.77066      1.5978826E-03
   10.82622      1.3086107E-03
   10.88179      1.3086107E-03
   10.93735      1.5634454E-03
   10.99291      1.3568227E-03
   11.04847      1.2052994E-03
   11.10403      1.1639748E-03
   11.15960      1.2603988E-03
   11.21516      1.0813257E-03
   11.27072      1.1570874E-03
   11.32628      1.0675509E-03
   11.38184      1.0055640E-03
   11.43740      1.1226502E-03
   11.49297      9.5046463E-04
   11.54853      9.5735205E-04
   11.60409      1.0193388E-03
   11.65965      1.1915244E-03
   11.71521      9.4357721E-04
   11.77078      8.8159036E-04
   11.82634      1.0606634E-03
   11.88190      9.3668979E-04
   11.93746      8.4715325E-04
   11.99302      8.8847778E-04
   12.04859      7.6450413E-04
   12.10415      8.4715325E-04
   12.15971      9.1602752E-04
   12.21527      8.8847778E-04
   12.27083      7.7139155E-04
   12.32640      8.2649098E-04
   12.38196      6.6808023E-04
   12.43752      7.0251734E-04
   12.49308      7.6450413E-04
   12.54864      6.0609338E-04
   12.60421      6.4741791E-04
   12.65977      5.7165627E-04
   12.71533      6.6119281E-04
   12.77089      5.5788143E-04
   12.82645      5.4410659E-04
   12.88201      4.8900716E-04
   12.93758      6.2675565E-04
   12.99314      5.5099401E-04
   13.04870      3.7880836E-04
   13.10426      6.1298080E-04
   13.15982      4.3390776E-04
   13.21539      4.9589458E-04
   13.27095      3.6503351E-04
   13.32651      4.4768263E-04
   13.38207      4.2013291E-04
   13.43763      4.6834489E-04
   13.49320      3.5125867E-04
   13.54876      3.3748383E-04
   13.60432      3.6503351E-04
   13.65988      2.9615927E-04
   13.71544      3.5125867E-04
   13.77100      3.8569578E-04
   13.82657      4.2013291E-04
   13.88213      3.7192093E-04
   13.93769      3.5814609E-04
   13.99325      2.5483471E-04
   14.04881      2.5483471E-04
   14.10438      3.3059641E-04
   14.15994      2.8238443E-04
   14.21550      3.7880836E-04
   14.27106      2.2728503E-04
   14.32662      3.6503351E-04
   14.38219      2.3417245E-04
   14.43775      2.2039759E-04
   14.49331      2.2728503E-04
   14.54887      2.8238443E-04
   14.60443      2.6172213E-04
   14.66000      1.7218562E-04
   14.71556      2.8927185E-04
   14.77112      1.8596047E-04
   14.82668      2.2728503E-04
   14.88224      2.3417245E-04
   14.93781      1.3774850E-04
   14.99337      1.7218562E-04
   15.04893      1.7907305E-04
   15.10449      1.7907305E-04
   15.16005      1.8596047E-04
   15.21561      1.9284789E-04
   15.27118      1.5841077E-04
   15.32674      2.1351017E-04
   15.38230      2.4105987E-04
   15.43786      1.5841077E-04
   15.49342      1.4463592E-04
   15.54899      1.7907305E-04
   15.60455      1.3086107E-04
   15.66011      1.7218562E-04
   15.71567      1.4463592E-04
   15.77123      1.9973532E-04
   15.82680      1.1019879E-04
   15.88236      6.8874251E-05
   15.93792      1.8596047E-04
   15.99348      1.7218562E-04
   16.04904      1.3086107E-04
   16.10460      8.9536523E-05
   16.16017      1.1019879E-04
   16.21573      1.2397364E-04
   16.27129      1.6529820E-04
   16.32685      8.2649101E-05
   16.38241      8.9536523E-05
   16.43798      6.1986822E-05
   16.49354      8.9536523E-05
   16.54910      1.2397364E-04
   16.60466      7.5761673E-05
   16.66022      8.9536523E-05
   16.71579      1.0331137E-04
   16.77135      8.2649101E-05
   16.82691      6.1986822E-05
   16.88247      1.1019879E-04
   16.93803      6.1986822E-05
   16.99360      8.2649101E-05
   17.04916      6.1986822E-05
   17.10472      3.4437126E-05
   17.16028      2.7549699E-05
   17.21584      4.8211972E-05
   17.27140      6.8874251E-05
   17.32697      1.0331137E-04
   17.38253      6.8874251E-05
   17.43809      6.1986822E-05
   17.49365      4.8211972E-05
   17.54921      2.7549699E-05
   17.60478      6.8874251E-05
   17.66034      6.8874251E-05
   17.71590      3.4437126E-05
   17.77146      4.1324551E-05
   17.82702      2.7549699E-05
   17.88259      6.8874251E-05
   17.93815      3.4437126E-05
   17.99371      3.4437126E-05
   18.04927      4.1324551E-05
   18.10483      2.0662275E-05
   18.16039      4.8211972E-05
   18.21596      5.5099397E-05
   18.27152      3.4437126E-05
   18.32708      4.8211972E-05
   18.38264      4.8211972E-05
   18.43820      3.4437126E-05
   18.49377      1.3774849E-05
   18.54933      2.0662275E-05
   18.60489      2.7549699E-05
   18.66045      5.5099397E-05
   18.71601      4.8211972E-05
   18.77158      2.0662275E-05
   18.82714      4.8211972E-05
   18.88270      2.0662275E-05
   18.93826      2.7549699E-05
   18.99382      2.0662275E-05
   19.04939      1.3774849E-05
   19.10495      6.8874247E-06
   19.16051      2.0662275E-05
   19.21607      2.7549699E-05
   19.27163      3.4437126E-05
   19.32720      2.0662275E-05
   19.38276      2.0662275E-05
   19.43832      3.4437126E-05
   19.49388      1.3774849E-05
   19.54944      3.4437126E-05
   19.60501      0.0000000E+00
   19.66057      2.0662275E-05
   19.71613      2.7549699E-05
   19.77169      6.8874247E-06
   19.82725      2.7549699E-05
   19.88281      1.3774849E-05
   19.93838      2.0662275E-05
   19.99394      2.0662275E-05
   20.04950      1.3774849E-05
   20.10506      1.3774849E-05
   20.16062      0.0000000E+00
   20.21619      6.8874247E-06
   20.27175      1.3774849E-05
   20.32731      6.8874247E-06
   20.38287      1.3774849E-05
   20.43843      1.3774849E-05
   20.49400      0.0000000E+00
   20.54956      3.4437126E-05
   20.60512      1.3774849E-05
   20.66068      6.8874247E-06
   20.71624      6.8874247E-06
   20.77180      6.8874247E-06
   20.82737      1.3774849E-05
   20.88293      6.8874247E-06
   20.93849      1.3774849E-05
   20.99405      6.8874247E-06
   21.04961      0.0000000E+00
   21.10518      0.0000000E+00
   21.16074      0.0000000E+00
   21.21630      1.3774849E-05
   21.27186      6.8874247E-06
   21.32742      0.0000000E+00
   21.38299      2.0662275E-05
   21.43855      2.0662275E-05
   21.49411      1.3774849E-05
   21.54967      0.0000000E+00
   21.60523      6.8874247E-06
   21.66080      1.3774849E-05
   21.71636      0.0000000E+00
   21.77192      0.0000000E+00
   21.82748      6.8874247E-06
   21.88304      0.0000000E+00
   21.93860      0.0000000E+00
   21.99417      6.8874247E-06
   22.04973      1.3774849E-05
   22.10529      0.0000000E+00
   22.16085      0.0000000E+00
   22.21641      0.0000000E+00
   22.27198      2.0662275E-05
   22.32754      0.0000000E+00
   22.38310      6.8874247E-06
