   1.054000      2.4474974E-04
   1.180030      1.7132482E-03
   1.306060      7.1528112E-03
   1.432090      1.9867560E-02
   1.558121      4.4807561E-02
   1.684151      7.8026220E-02
   1.810181      0.1190463    
   1.936211      0.1641720    
   2.062241      0.2112925    
   2.188271      0.2505809    
   2.314301      0.2839158    
   2.440332      0.3073751    
   2.566362      0.3281605    
   2.692392      0.3367389    
   2.818422      0.3392476    
   2.944452      0.3324313    
   3.070482      0.3285398    
   3.196512      0.3204202    
   3.322543      0.3069651    
   3.448573      0.2920170    
   3.574603      0.2783172    
   3.700633      0.2610501    
   3.826663      0.2471238    
   3.952693      0.2322859    
   4.078723      0.2173867    
   4.204754      0.1995506    
   4.330784      0.1876129    
   4.456814      0.1730870    
   4.582844      0.1627892    
   4.708874      0.1485631    
   4.834905      0.1398990    
   4.960935      0.1290688    
   5.086965      0.1186608    
   5.212995      0.1121688    
   5.339025      0.1007512    
   5.465055      9.3561709E-02
   5.591085      8.6831093E-02
   5.717115      7.9341747E-02
   5.843146      7.4336618E-02
   5.969176      6.6051841E-02
   6.095206      6.1952278E-02
   6.221236      5.7791535E-02
   6.347266      5.2082747E-02
   6.473297      4.7860812E-02
   6.599327      4.4905458E-02
   6.725357      4.0451013E-02
   6.851387      3.7036754E-02
   6.977417      3.4209896E-02
   7.103447      3.1536005E-02
   7.229477      2.8617363E-02
   7.355507      2.5466211E-02
   7.481538      2.3905931E-02
   7.607568      2.2113139E-02
   7.733598      2.0528385E-02
   7.859628      1.8937511E-02
   7.985658      1.7230382E-02
   8.111689      1.5572202E-02
   8.237719      1.3883430E-02
   8.363749      1.2971736E-02
   8.489779      1.2041687E-02
   8.615809      1.0940313E-02
   8.741839      9.9246018E-03
   8.867869      9.4901714E-03
   8.993899      8.5601220E-03
   9.119929      7.9727229E-03
   9.245960      7.2507113E-03
   9.371990      6.6021243E-03
   9.498020      6.2166434E-03
   9.624050      5.6231255E-03
   9.750080      5.0051324E-03
   9.876110      4.8766388E-03
   10.00214      4.4544456E-03
   10.12817      4.0261331E-03
   10.25420      3.4081403E-03
   10.38023      3.3041216E-03
   10.50626      2.9553531E-03
   10.63229      2.7901470E-03
   10.75832      2.6432972E-03
   10.88435      2.3740726E-03
   11.01038      2.2211040E-03
   11.13641      1.9274042E-03
   11.26244      1.7805544E-03
   11.38847      1.8600981E-03
   11.51450      1.6214671E-03
   11.64053      1.4073111E-03
   11.76656      1.1503238E-03
   11.89259      1.2665800E-03
   12.01862      1.1319675E-03
   12.14465      9.3004905E-04
   12.27068      9.3004905E-04
   12.39671      7.7708042E-04
   12.52274      8.4438664E-04
   12.64877      8.0155540E-04
   12.77480      6.3023058E-04
   12.90083      5.4456817E-04
   13.02686      5.4456817E-04
   13.15289      5.3233071E-04
   13.27892      4.4054954E-04
   13.40495      4.4666827E-04
   13.53098      3.6100586E-04
   13.65701      3.7324335E-04
   13.78304      3.1817466E-04
   13.90908      2.2027477E-04
   14.03511      2.3251226E-04
   14.16114      2.3863099E-04
   14.28717      2.2027477E-04
   14.41320      2.2027477E-04
   14.53923      1.7132482E-04
   14.66526      1.8356231E-04
   14.79129      1.5908733E-04
   14.91732      8.5662410E-05
   15.04335      1.4684985E-04
   15.16938      9.7899894E-05
   15.29541      8.5662410E-05
   15.42144      5.5068693E-05
   15.54747      6.1187435E-05
   15.67350      1.2237487E-04
   15.79953      6.7306180E-05
   15.92556      9.1781156E-05
   16.05159      8.5662410E-05
   16.17762      6.7306180E-05
   16.30365      4.8949947E-05
   16.42968      4.8949947E-05
   16.55571      3.0593717E-05
   16.68174      3.6712463E-05
   16.80777      3.6712463E-05
   16.93380      3.6712463E-05
   17.05983      3.0593717E-05
   17.18586      4.2831205E-05
   17.31189      1.8356232E-05
   17.43792      1.8356232E-05
   17.56395      1.8356232E-05
   17.68998      1.2237487E-05
   17.81601      1.2237487E-05
   17.94204      3.0593717E-05
   18.06807      1.8356232E-05
   18.19410      1.8356232E-05
   18.32013      2.4474974E-05
   18.44616      1.8356232E-05
   18.57219      0.0000000E+00
   18.69822      6.1187434E-06
   18.82425      6.1187434E-06
   18.95028      6.1187434E-06
   19.07631      6.1187434E-06
   19.20234      0.0000000E+00
   19.32837      6.1187434E-06
   19.45440      0.0000000E+00
   19.58043      6.1187434E-06
   19.70646      0.0000000E+00
   19.83249      1.2237487E-05
   19.95852      0.0000000E+00
   20.08455      1.2237487E-05
   20.21058      0.0000000E+00
   20.33661      0.0000000E+00
   20.46264      0.0000000E+00
   20.58867      0.0000000E+00
   20.71470      0.0000000E+00
   20.84073      0.0000000E+00
   20.96676      6.1187434E-06
   21.09279      0.0000000E+00
   21.21882      0.0000000E+00
   21.34485      0.0000000E+00
   21.47088      6.1187434E-06
   21.59691      0.0000000E+00
   21.72294      6.1187434E-06
   21.84897      0.0000000E+00
   21.97500      0.0000000E+00
   22.10104      6.1187434E-06
   22.22707      6.1187434E-06
   22.35310      0.0000000E+00
   22.47913      0.0000000E+00
   22.60516      0.0000000E+00
   22.73119      0.0000000E+00
   22.85722      0.0000000E+00
   22.98325      6.1187434E-06
   23.10928      0.0000000E+00
   23.23531      0.0000000E+00
   23.36134      6.1187434E-06
   23.48737      0.0000000E+00
   23.61340      0.0000000E+00
   23.73943      0.0000000E+00
   23.86546      0.0000000E+00
   23.99149      0.0000000E+00
   24.11752      0.0000000E+00
   24.24355      0.0000000E+00
   24.36958      0.0000000E+00
   24.49561      0.0000000E+00
   24.62164      0.0000000E+00
   24.74767      0.0000000E+00
   24.87370      0.0000000E+00
   24.99973      0.0000000E+00
   25.12576      0.0000000E+00
   25.25179      0.0000000E+00
   25.37782      0.0000000E+00
   25.50385      0.0000000E+00
   25.62988      0.0000000E+00
   25.75591      0.0000000E+00
   25.88194      0.0000000E+00
   26.00797      0.0000000E+00
   26.13400      1.2237487E-05
