   1.01500000000000       0.000000000000000E+000
   1.02500000000000       0.000000000000000E+000
   1.03500000000000       0.000000000000000E+000
   1.04500000000000       0.000000000000000E+000
   1.05500000000000       0.000000000000000E+000
   1.06500000000000       0.000000000000000E+000
   2.07500000000000       0.000000000000000E+000
   1.08500000000000       0.000000000000000E+000
   1.09500000000000       0.000000000000000E+000
   1.10500000000000       0.000000000000000E+000
   1.11500000000000       0.000000000000000E+000
   2.12500000000000       0.000000000000000E+000
   1.13500000000000       0.000000000000000E+000
   1.14500000000000       0.000000000000000E+000
   2.15500000000000       0.000000000000000E+000
   1.16500000000000       0.000000000000000E+000
   1.17500000000000       0.000000000000000E+000
   1.18500000000000       0.000000000000000E+000
   1.19500000000000       0.000000000000000E+000
   1.20500000000000       0.000000000000000E+000
   1.21500000000000       0.000000000000000E+000
   1.22500000000000       0.000000000000000E+000
   1.23500000000000       0.000000000000000E+000
   1.24500000000000       0.000000000000000E+000
   1.25500000000000       0.000000000000000E+000
   1.26500000000000       0.000000000000000E+000
   1.27500000000000       0.000000000000000E+000
   1.28500000000000       0.000000000000000E+000
   1.29500000000000       0.000000000000000E+000
   1.30500000000000       0.000000000000000E+000
   1.31500000000000       0.000000000000000E+000
   1.32500000000000       0.000000000000000E+000
   1.33500000000000       0.000000000000000E+000
   1.34500000000000       0.000000000000000E+000
   1.35500000000000       0.000000000000000E+000
   1.36500000000000       0.000000000000000E+000
   1.37500000000000       0.000000000000000E+000
   1.38500000000000       0.000000000000000E+000
   1.39500000000000       0.000000000000000E+000
   1.40500000000000       0.000000000000000E+000
   1.41500000000000       0.000000000000000E+000
   1.42500000000000       0.000000000000000E+000
   1.43500000000000       0.000000000000000E+000
   1.44500000000000       0.000000000000000E+000
   1.45500000000000       0.000000000000000E+000
   1.46500000000000       0.000000000000000E+000
   1.47500000000000       0.000000000000000E+000
   1.48500000000000       0.000000000000000E+000
   1.49500000000000       0.000000000000000E+000
   1.50500000000000       0.000000000000000E+000
   1.51500000000000       4.548940688181943E-005
   1.52500000000000       9.097881376363885E-005
   1.53500000000000       1.364682206454583E-004
   1.54500000000000       9.097881376363885E-005
   1.55500000000000       9.097881376363885E-005
   1.56500000000000       3.184258481727360E-004
   1.57500000000000       3.184258481727360E-004
   1.58500000000000       2.729364412909166E-004
   1.59500000000000       5.913622894636525E-004
   1.60500000000000       5.458728825818331E-004
   1.61500000000000       9.552775445182079E-004
   1.62500000000000       1.273703392690944E-003
   1.63500000000000       1.728597461509138E-003
   1.64500000000000       1.910555089036416E-003
   1.65500000000000       3.320726702372818E-003
   1.66500000000000       3.047790261081902E-003
   1.67500000000000       4.457961874418303E-003
   1.68500000000000       3.639152550545554E-003
   1.69500000000000       4.867366536354678E-003
   1.70500000000000       6.414006370336539E-003
   1.71500000000000       6.186559335927442E-003
   1.72500000000000       7.278305101091108E-003
   1.73500000000000       8.006135611200218E-003
   1.74500000000000       9.052391969482066E-003
   1.75500000000000       1.141784112733668E-002
   1.76500000000000       1.164528816174577E-002
   1.77500000000000       1.228213985809124E-002
   1.78500000000000       1.487503605035495E-002
   1.79500000000000       1.646716529121863E-002
   1.80500000000000       1.796831571831867E-002
   1.81500000000000       2.015180724864600E-002
   1.82500000000000       2.251725640650061E-002
   1.83500000000000       2.483721615747340E-002
   1.84500000000000       2.702070768780074E-002
   1.85500000000000       3.056888142458265E-002
   1.86500000000000       3.270688354802816E-002
   1.87500000000000       3.807463356008286E-002
   1.88500000000000       4.366983060654665E-002
   1.89500000000000       4.298748950331936E-002
   1.90500000000000       4.676311027451037E-002
   1.91500000000000       4.790034544655585E-002
   1.92500000000000       5.699822682291974E-002
   1.93500000000000       6.077384759411075E-002
   1.94500000000000       6.359419082078356E-002
   1.95500000000000       6.837057854337460E-002
   1.96500000000000       7.337441330037474E-002
   1.97500000000000       8.101663365652040E-002
   1.98500000000000       8.906825867460243E-002
   1.99500000000000       9.557324385870261E-002
   2.00500000000000       0.108128320158085     
   2.01500000000000       0.113859985425194     
   2.02500000000000       0.126915445200276     
   2.03500000000000       0.139197585058367     
   2.04500000000000       0.153026364750441     
   2.05500000000000       0.164808121132832     
   2.06500000000000       0.177499665652859     
   2.07500000000000       0.187143419911805     
   2.08500000000000       0.205293693257651     
   2.09500000000000       0.228038396698561     
   2.10500000000000       0.235680617054706     
   2.11500000000000       0.256469275999698     
   2.12500000000000       0.280988066308999     
   2.13500000000000       0.295544676511181     
   2.14500000000000       0.323156746488445     
   2.15500000000000       0.344946172384837     
   2.16500000000000       0.357774185125510     
   2.17500000000000       0.376743267795228     
   2.18500000000000       0.411952068721757     
   2.19500000000000       0.430102342067603     
   2.20500000000000       0.459215562471967     
   2.21500000000000       0.478730518024268     
   2.22500000000000       0.506206119780887     
   2.23500000000000       0.525721075333187     
   2.24500000000000       0.547146585974524     
   2.25500000000000       0.568026223733279     
   2.26500000000000       0.586176497079125     
   2.27500000000000       0.606100857293362     
   2.28500000000000       0.628572624292981     
   2.29500000000000       0.652954946381636     
   2.30500000000000       0.673061264223400     
   2.31500000000000       0.695260094781728     
   2.32500000000000       0.720688673228665     
   2.33500000000000       0.739612266491502     
   2.34500000000000       0.756397857630893     
   2.35500000000000       0.775412429707494     
   2.36500000000000       0.801113944595722     
   2.37500000000000       0.830181675593205     
   2.38500000000000       0.848923311228514     
   2.39500000000000       0.861796813376069     
   2.40500000000000       0.873078186282760     
   2.41500000000000       0.908605413057461     
   2.42500000000000       0.941585233046780     
   2.43500000000000       0.962237423771126     
   2.44500000000000       0.977203438635245     
   2.45500000000000       0.984072339074400     
   2.46500000000000        1.01923565059405     
   2.47500000000000        1.02019092813856     
   2.48500000000000        1.05417151507928     
   2.49500000000000        1.07009280748792     
   2.50500000000000        1.07787149606471     
   2.51500000000000        1.09547589652798     
   2.52500000000000        1.11426302157017     
   2.53500000000000        1.12445264871169     
   2.54500000000000        1.13464227585322     
   2.55500000000000        1.15074552588939     
   2.56500000000000        1.14087432459603     
   2.57500000000000        1.14214802798872     
   2.58500000000000        1.15970693904510     
   2.59500000000000        1.16425587973329     
   2.60500000000000        1.16684877592555     
   2.61500000000000        1.16898677804900     
   2.62500000000000        1.17276239882019     
   2.63500000000000        1.15301999623348     
   2.64500000000000        1.15725051107349     
   2.65500000000000        1.14847105554530     
   2.66500000000000        1.15775089454919     
   2.67500000000000        1.14710637333884     
   2.68500000000000        1.14460445596034     
   2.69500000000000        1.14646952164249     
   2.70500000000000        1.13432385000505     
   2.71500000000000        1.11685591776243     
   2.72500000000000        1.10380045798735     
   2.73500000000000        1.09047206177098     
   2.74500000000000        1.08610507871032     
   2.75500000000000        1.07204885198384     
   2.76500000000000        1.06013062738080     
   2.77500000000000        1.04948610617046     
   2.78500000000000        1.05130568244573     
   2.79500000000000        1.02151012093814     
   2.80500000000000       0.998947375124755     
   2.81500000000000       0.992806305195709     
   2.82500000000000       0.970243559382327     
   2.83500000000000       0.964557383522099     
   2.84500000000000       0.930212881326325     
   2.85500000000000       0.922297724528889     
   2.86500000000000       0.905193707541325     
   2.87500000000000       0.893866845227752     
   2.88500000000000       0.884132112155042     
   2.89500000000000       0.866209285843605     
   2.90500000000000       0.834321211619450     
   2.91500000000000       0.816398385308013     
   2.92500000000000       0.812486296316177     
   2.93500000000000       0.782053883112240     
   2.94500000000000       0.760628372470903     
   2.95500000000000       0.738429541912575     
   2.96500000000000       0.737747200809347     
   2.97500000000000       0.724600762220502     
   2.98500000000000       0.688391194342573     
   2.99500000000000       0.679202334152446     
   3.00500000000000       0.670013473962318     
   3.01500000000000       0.640035954827199     
   3.02500000000000       0.634122331932563     
   3.03500000000000       0.612924268325635     
   3.04500000000000       0.591999141159998     
   3.05500000000000       0.579034660198679     
   3.06500000000000       0.560565961004661     
   3.07500000000000       0.540960026638597     
   3.08500000000000       0.524310903719851     
   3.09500000000000       0.512938551999396     
   3.10500000000000       0.499291729934850     
   3.11500000000000       0.484052778629441     
   3.12500000000000       0.466675825200585     
   3.13500000000000       0.455985814583358     
   3.14500000000000       0.435333623859012     
   3.15500000000000       0.424188719172966     
   3.16500000000000       0.417228839920048     
   3.17500000000000       0.403900443703675     
   3.18500000000000       0.387615236039983     
   3.19500000000000       0.375606032623183     
   3.20500000000000       0.361549805896701     
   3.21500000000000       0.346765748660109     
   3.22500000000000       0.334711055836427     
   3.23500000000000       0.328615475314263     
   3.24500000000000       0.319199168089727     
   3.25500000000000       0.307189964672927     
   3.26500000000000       0.298546977365381     
   3.27500000000000       0.285173091742126     
   3.28500000000000       0.281215513343408     
   3.29500000000000       0.263156218811325     
   3.30500000000000       0.252784634042271     
   3.31500000000000       0.251920335311516     
   3.32500000000000       0.245324371313652     
   3.33500000000000       0.238637428502025     
   3.34500000000000       0.218349153032733     
   3.35500000000000       0.219349919984133     
   3.36500000000000       0.209023824621960     
   3.37500000000000       0.204019989864960     
   3.38500000000000       0.193284489840851     
   3.39500000000000       0.189053975000842     
   3.40500000000000       0.174588343612423     
   3.41500000000000       0.176953792770278     
   3.42500000000000       0.168765699531550     
   3.43500000000000       0.163852843588314     
   3.44500000000000       0.152935385936677     
   3.45500000000000       0.147021763042040     
   3.46500000000000       0.144610824477304     
   3.47500000000000       0.143428099898377     
   3.48500000000000       0.133329451570613     
   3.49500000000000       0.127643275710385     
   3.50500000000000       0.126415061724576     
   3.51500000000000       0.116543860431221     
   3.52500000000000       0.118499904927140     
   3.53500000000000       0.111631004487985     
   3.54500000000000       0.106718148544748     
   3.55500000000000       0.108537724820021     
   3.56500000000000       0.100804525650112     
   3.57500000000000       9.630107436881172E-002
   3.58500000000000       9.288936885267526E-002
   3.59500000000000       9.006902562600246E-002
   3.60500000000000       9.102430317052067E-002
   3.61500000000000       8.401893451072048E-002
   3.62500000000000       7.960646204318399E-002
   3.63500000000000       7.646769296833845E-002
   3.64500000000000       7.396577558983838E-002
   3.65500000000000       6.968977134294736E-002
   3.66500000000000       7.182777346639287E-002
   3.67500000000000       6.736981159197457E-002
   3.68500000000000       6.568670353734725E-002
   3.69500000000000       5.954563360830162E-002
   3.70500000000000       5.708920563668338E-002
   3.71500000000000       5.194890265903778E-002
   3.72500000000000       5.422337300312875E-002
   3.73500000000000       5.549707639581970E-002
   3.74500000000000       5.194890265903778E-002
   3.75500000000000       5.022030519752865E-002
   3.76500000000000       4.517098103364669E-002
   3.77500000000000       4.398825645471938E-002
   3.78500000000000       4.394276704783756E-002
   3.79500000000000       4.266906365514662E-002
   3.80500000000000       3.875697466331015E-002
   3.81500000000000       3.775620771191012E-002
   3.82500000000000       3.589114202975553E-002
   3.83500000000000       3.388960812695547E-002
   3.84500000000000       3.343471405813728E-002
   3.85500000000000       3.156964837598268E-002
   3.86500000000000       3.320726702372818E-002
   3.87500000000000       3.029594498329174E-002
   3.88500000000000       2.797598523231895E-002
   3.89500000000000       2.774853819790985E-002
   3.90500000000000       2.638385599145527E-002
   3.91500000000000       2.642934539833709E-002
   3.92500000000000       2.379095979919156E-002
   3.93500000000000       2.333606573037337E-002
   3.94500000000000       2.301763988220063E-002
   3.95500000000000       2.074316953810966E-002
   3.96500000000000       2.147100004821877E-002
   3.97500000000000       2.069768013122784E-002
   3.98500000000000       1.842320978713687E-002
   3.99500000000000       1.855967800778233E-002
   4.00500000000000       2.042474368993692E-002
   4.01500000000000       1.674010173250955E-002
   4.02500000000000       1.514797249164587E-002
   4.03500000000000       1.583031359487316E-002
   4.04500000000000       1.428367376089130E-002
   4.05500000000000       1.432916316777312E-002
   4.06500000000000       1.232762926497306E-002
   4.07500000000000       1.305545977508217E-002
   4.08500000000000       1.119039409292758E-002
   4.09500000000000       1.173626697550941E-002
   4.10500000000000       1.150881994110031E-002
   4.11500000000000       9.825711886472995E-003
   4.12500000000000       1.132686231357304E-002
   4.13500000000000       1.055354239658211E-002
   4.14500000000000       9.416307224536621E-003
   4.15500000000000       1.028060595529119E-002
   4.16500000000000       9.097881376363885E-003
   4.17500000000000       8.870434341954787E-003
   4.18500000000000       7.778688576791122E-003
   4.19500000000000       8.779455528191149E-003
   4.20500000000000       8.051625018082037E-003
   4.21500000000000       6.641453404745636E-003
   4.22500000000000       7.141836880445650E-003
   4.23500000000000       7.005368659800192E-003
   4.24500000000000       6.777921625391094E-003
   4.25500000000000       6.050091115281983E-003
   4.26500000000000       5.322260605172872E-003
   4.27500000000000       4.867366536354678E-003
   4.28500000000000       5.003834757000137E-003
   4.29500000000000       4.867366536354678E-003
   4.30500000000000       5.640686453345608E-003
   4.31500000000000       4.730898315709220E-003
   4.32500000000000       3.866599584954651E-003
   4.33500000000000       4.321493653772845E-003
   4.34500000000000       3.957578398718290E-003
   4.35500000000000       4.048557212481929E-003
   4.36500000000000       3.047790261081902E-003
   4.37500000000000       3.002300854200082E-003
   4.38500000000000       3.866599584954651E-003
   4.39500000000000       3.275237295490999E-003
   4.40500000000000       2.547406785381888E-003
   4.41500000000000       2.183491530327332E-003
   4.42500000000000       2.092512716563694E-003
   4.43500000000000       1.774086868390957E-003
   4.44500000000000       1.819576275272777E-003
   4.45500000000000       2.592896192263707E-003
   4.46500000000000       2.319959750972791E-003
   4.47500000000000       2.228980937209152E-003
   4.48500000000000       1.637618647745499E-003
   4.49500000000000       1.364682206454583E-003
   4.50500000000000       1.455661020218222E-003
   4.51500000000000       1.455661020218222E-003
   4.52500000000000       1.182724578927305E-003
   4.53500000000000       9.097881376363885E-004
   4.54500000000000       9.552775445182079E-004
   4.55500000000000       1.091745765163666E-003
   4.56500000000000       7.278305101091108E-004
   4.57500000000000       8.642987307545690E-004
   4.58500000000000       9.552775445182079E-004
   4.59500000000000       8.188093238727497E-004
   4.60500000000000       7.733199169909302E-004
   4.61500000000000       6.368516963454720E-004
   4.62500000000000       6.368516963454720E-004
   4.63500000000000       5.003834757000136E-004
   4.64500000000000       7.733199169909302E-004
   4.65500000000000       4.548940688181943E-004
   4.66500000000000       1.364682206454583E-004
   4.67500000000000       3.184258481727360E-004
   4.68500000000000       4.094046619363748E-004
   4.69500000000000       2.729364412909166E-004
   4.70500000000000       2.274470344090971E-004
   4.71500000000000       3.184258481727360E-004
   4.72500000000000       3.639152550545554E-004
   4.73500000000000       1.819576275272777E-004
   4.74500000000000       4.548940688181943E-004
   4.75500000000000       1.819576275272777E-004
   4.76500000000000       1.364682206454583E-004
   4.77500000000000       3.639152550545554E-004
   4.78500000000000       1.364682206454583E-004
   4.79500000000000       1.364682206454583E-004
   4.80500000000000       4.094046619363748E-004
   4.81500000000000       9.097881376363885E-005
   4.82500000000000       1.364682206454583E-004
   4.83500000000000       0.000000000000000E+000
   4.84500000000000       1.364682206454583E-004
   4.85500000000000       9.097881376363885E-005
   4.86500000000000       0.000000000000000E+000
   4.87500000000000       9.097881376363885E-005
   4.88500000000000       9.097881376363885E-005
   4.89500000000000       4.548940688181943E-005
   4.90500000000000       0.000000000000000E+000
   4.91500000000000       4.548940688181943E-005
   4.92500000000000       4.548940688181943E-005
   4.93500000000000       4.548940688181943E-005
   4.94500000000000       0.000000000000000E+000
   4.95500000000000       0.000000000000000E+000
   4.96500000000000       4.548940688181943E-005
   4.97500000000000       0.000000000000000E+000
   4.98500000000000       4.548940688181943E-005
   4.99500000000000       4.548940688181943E-005
   5.00500000000000       0.000000000000000E+000
